,alpha=0.0,alpha=0.1,alpha=0.2,alpha=0.3,alpha=0.4,alpha=0.5,alpha=0.6,alpha=0.7,alpha=0.8,alpha=0.9,alpha=1.0,alpha=1.1,alpha=1.2,alpha=1.3,alpha=1.4,alpha=1.5,alpha=1.6,alpha=1.7,alpha=1.8,alpha=1.9,alpha=2.0,alpha=2.1,alpha=2.2,alpha=2.3,alpha=2.4,alpha=2.5,alpha=2.6,alpha=2.7,alpha=2.8,alpha=2.9,alpha=3.0,alpha=3.1,alpha=3.2,alpha=3.3,alpha=3.4,alpha=3.5,alpha=3.6,alpha=3.7,alpha=3.8,alpha=3.9,alpha=4.0,alpha=4.1,alpha=4.2,alpha=4.3,alpha=4.4,alpha=4.5,alpha=4.6,alpha=4.7,alpha=4.8,alpha=4.9,alpha=5.0
beta=0.00,2.103630136751633e-08,1.8756525610452712e-08,1.1251020393121536e-08,5.743429554172508e-08,8.2804414991422e-09,2.8181250388836787e-08,1.254012627072143e-08,1.3365036910517603e-08,2.1594596499863172e-08,1.1983280312488631e-08,1.6564771054827787e-08,1.6026771909594117e-08,6.884220915548411e-09,5.50573321933534e-08,8.90524581853569e-09,1.2808567650957059e-08,6.650614586822812e-08,8.112635896395659e-09,8.24714996294773e-09,3.510589913213735e-08,1.704710722583158e-08,3.5528280317720373e-09,1.0034226005650737e-08,4.3894510914910256e-08,1.4106930457113975e-08,3.2101333813372435e-09,6.18992990197853e-09,2.1772332159386565e-08,2.8602060608839963e-08,6.433261645621968e-09,2.572987156668205e-09,5.699815286419607e-09,1.815535560778514e-08,2.989711833656372e-08,8.307807553009638e-09,2.104664109658927e-09,3.0706736597885254e-09,6.066274538252259e-09,1.799264143231838e-08,3.1171214498471045e-08,8.961038355792539e-09,2.226259121496099e-09,2.70095640297896e-09,4.036217249314689e-09,2.0809042045044635e-08,2.5068729814226032e-08,9.378835430506882e-09,2.5218316324071566e-09,2.587310088397743e-09,2.7612034325663615e-09,3.0991601507324162e-09
beta=0.10,1.8756525610452712e-08,1.0774319880724192e-08,2.4931691100515962e-08,2.2306167413166378e-08,5.691106086391784e-09,1.835657731374951e-08,3.426957301266853e-08,7.91116860909824e-09,3.431891526517461e-08,1.629188567386919e-08,1.0766490143865326e-08,2.049762276579159e-08,1.4686963145660314e-08,1.171886987449966e-08,2.416442151931264e-08,2.1846387365798137e-08,2.285574396410084e-09,5.6674459125716226e-08,1.7214306091695164e-09,1.2504866586660057e-09,2.5739290532289516e-08,5.047051443440864e-09,1.150485628986786e-08,1.2059799381347602e-08,2.5522303936931223e-08,5.138715497565727e-08,8.77423360634566e-08,1.370239677278562e-07,2.3587750885845082e-07,3.882007297839607e-07,6.221863582123177e-07,9.783742521696226e-07,1.5027233375430882e-06,2.4208632928290896e-06,3.7896943078097323e-06,5.8429538603022024e-06,8.950448540878675e-06,1.3611052678608182e-05,2.0656736350654903e-05,3.1079770802189266e-05,4.6521534418864086e-05,6.924141980668708e-05,0.00010249000443052214,0.00015097797622276588,0.00022118190448761066,0.0003225418950967285,0.00046794502871272403,0.0006756376218860494,0.0009707639652406508,0.0013880630609268696,0.0019750257476467414
beta=0.20,1.1251020393121536e-08,2.4931691100515962e-08,2.8903913706912476e-08,2.965431616930303e-08,5.121617024927971e-08,2.415519179121972e-08,1.3311927782311272e-08,1.3467398529698471e-08,3.492589162323867e-08,1.1277341838145105e-08,4.507765632988381e-08,5.0404072027276925e-09,1.523522841218039e-08,5.7419196064500966e-08,1.5408816467221698e-07,4.177518349024467e-07,1.0266829981731007e-06,2.533034954566027e-06,5.9755192235444454e-06,1.3772944085665983e-05,3.101167445374031e-05,6.839578725070794e-05,0.00014788985121705345,0.0003140478192682483,0.0006552384527224175,0.0013441161883120945,0.0027114472094210695,0.005376787483964307,0.010465671827403544,0.019925402556426386,0.03682570617377301,0.06508858065884349,0.10732439252821357,0.1605214902496871,0.21532897828433395,0.26340944973869884,0.30256606070313397,0.3343037620372181,0.360644192199677,0.38308223782717654,0.4025881209450338,0.4197912886801194,0.4351197239604956,0.4488810543692716,0.4613074833804611,0.4725811050547236,0.48284870405078073,0.4922310971209337,0.5008293671789811,0.5087291473034233,0.5160036284364224
beta=0.30,5.743429554172508e-08,2.2306167413166378e-08,2.965431616930303e-08,9.245069376717652e-09,2.1230148583573083e-08,2.026218848261152e-08,2.459942111121549e-08,1.993846171499669e-08,1.767167656652191e-08,8.492936509618687e-08,3.4921386027342294e-07,1.388187367168392e-06,5.073296923785442e-06,1.7475405712064074e-05,5.7422970119902494e-05,0.00018080959085309267,0.0005474898230638514,0.0015985063370762553,0.004505419393407983,0.012235980317042094,0.031703202037325906,0.07579662501557527,0.15428004010972196,0.2460085432841348,0.31883619420285714,0.37049018897664665,0.4092879189384777,0.4404039650632665,0.46634912247175575,0.48845927827880886,0.5075579289628975,0.5242123235987588,0.5388408151079007,0.5517651729139291,0.5632397505911617,0.573469698133265,0.5826229538912883,0.5908388021934393,0.5982339647357995,0.6049070835412131,0.6109422179848386,0.6164115014472749,0.6213771211007941,0.6258931002159194,0.6300064942489246,0.6337585266233843,0.6371854222279759,0.6403191471283903,0.6431880167346821,0.6458171437898271,0.6482288965881806
beta=0.40,8.2804414991422e-09,5.691106086391784e-09,5.121617024927971e-08,2.1230148583573083e-08,3.165901540924665e-09,3.3582517877661644e-09,3.238653351056442e-08,1.3137791810002852e-07,8.366717945129665e-07,4.704785128373246e-06,2.4066545404988204e-05,0.00011360540026628119,0.0004999073312810243,0.0020646747107032626,0.008025530427138827,0.029091949773815906,0.09278319220946141,0.2162302768792943,0.3304003269624253,0.4026546492860553,0.4525230984009311,0.49094386485944297,0.5220779457929442,0.5479344546539983,0.569732234409221,0.5883062498097275,0.6042653584650054,0.6180701671610581,0.630078530541067,0.6405739738674966,0.6497846103354911,0.6578965330915542,0.6650632348900317,0.6714123737450312,0.677051159080611,0.6820702097937594,0.6865465815941431,0.6905461736351869,0.6941257054057677,0.6973340973938853,0.7002137725001647,0.7028016600063625,0.7051300551535268,0.7072271888029213,0.7091178812407326,0.7108240003942188,0.712364860125383,0.7137575433037371,0.7150172038286704,0.7161573027788029,0.7171898263830229
beta=0.50,2.8181250388836787e-08,1.835657731374951e-08,2.415519179121972e-08,2.026218848261152e-08,3.3582517877661644e-09,3.763519385024949e-08,3.3220104234121806e-07,2.992573077675864e-06,2.3177975409294227e-05,0.00015859513136440295,0.0009760964541651873,0.0054662274525594245,0.027708231811034323,0.1158228689535995,0.2828684282260975,0.39933328136977786,0.46844623585931244,0.5180794642703969,0.5567873788379301,0.5879983037353154,0.6136472881190242,0.6350068394360225,0.6529746335556562,0.6682109815224809,0.681216218222123,0.6923781399513587,0.7020027117123374,0.7103349910890552,0.717573720331446,0.7238816366936021,0.72939329694898,0.7342207938564701,0.7384581333185413,0.7421846179259437,0.7454675214106895,0.7483641819189872,0.750923664615943,0.7531881322104644,0.755193940459176,0.7569725266645388,0.7585511701198691,0.7599535861966321,0.7612004697552481,0.7623099002965245,0.7632976891263147,0.7641777389219964,0.7649622283448065,0.7656619081244773,0.7662862566707008,0.7668436343704685,0.767341411442592
beta=0.60,1.254012627072143e-08,3.426957301266853e-08,1.3311927782311272e-08,2.459942111121549e-08,3.238653351056442e-08,3.3220104234121806e-07,4.536887744377438e-06,4.997125731109886e-05,0.00046777307591694406,0.0038063674323698393,0.026997074441549085,0.14465325561239784,0.34308494741293905,0.45377065979423903,0.5218097347610933,0.5718592972209341,0.6108115162969943,0.6419509735761865,0.6672827917587887,0.6881545150505078,0.7055213798364052,0.7200858516624711,0.7323789043761616,0.7428105748255315,0.75170302767572,0.7593129876547848,0.7658474465382091,0.7714749722597747,0.7763340273497753,0.7805391800157785,0.7841858470862655,0.787353953639641,0.7901107853017406,0.7925132218607853,0.7946095763249326,0.7964409906406916,0.798042670263803,0.7994447900945283,0.8006732542765704,0.8017504450987231,0.8026956513109132,0.8035255675412651,0.8042547067826978,0.8048956388936305,0.8054593100779432,0.805955255908828,0.8063917545218913,0.806776099598609,0.8071146247124577,0.8074128729290747,0.807675722480654
beta=0.70,1.3365036910517603e-08,7.91116860909824e-09,1.3467398529698471e-08,1.993846171499669e-08,1.3137791810002852e-07,2.992573077675864e-06,4.997125731109886e-05,0.0006657818188517961,0.00736087154628573,0.06574063112890072,0.28620789677676917,0.44503149697239597,0.5297767704539903,0.5891956945042419,0.6342100508744097,0.6694553457346336,0.6976294121780713,0.7204856942480415,0.7392355296093239,0.7547515149423161,0.7676820156752708,0.7785204151079463,0.7876493307859889,0.7953700624674968,0.8019228853792809,0.8075014553714884,0.8122632621299954,0.8163373672050772,0.8198302500020239,0.8228302495322489,0.8254110853910884,0.827634511316399,0.8295524563756148,0.831208793523215,0.8326406645940588,0.8338795821615894,0.8349524644889124,0.835882240109222,0.836688528242171,0.8373881484255857,0.837995506414967,0.838523046124324,0.838981459065996,0.8393799189286112,0.8397264205832969,0.8400278227700348,0.8402900676731113,0.8405182947375024,0.8407169802946661,0.8408899708152305,0.8410405877089194
beta=0.80,2.1594596499863172e-08,3.431891526517461e-08,3.492589162323867e-08,1.767167656652191e-08,8.366717945129665e-07,2.3177975409294227e-05,0.00046777307591694406,0.00736087154628573,0.08663985078890657,0.3469405705943752,0.4891909902520756,0.5711041338770916,0.6295950833813512,0.6738359702448936,0.708315038963385,0.7357233242691537,0.7578232456438561,0.7758356327348999,0.7906406127452505,0.8028919048902802,0.8130863899055419,0.8216086930416212,0.8287609772984352,0.8347835244822494,0.8398693560519818,0.8441748634713565,0.8478276801572782,0.8509326517065057,0.8535763230826293,0.8558305758233273,0.8577552495030357,0.8594004451090688,0.8608081692347153,0.8620137965476391,0.8630471770676609,0.8639335451926119,0.864694329398029,0.8653476416841996,0.8659089780820753,0.8663915053888054,0.8668064506512048,0.8671634031499715,0.8674705783322336,0.8677349852064663,0.8679626132234055,0.8681586698873235,0.8683275385751921,0.8684729809149853,0.868598307188765,0.868706307409254,0.8687993945572217
beta=0.90,1.1983280312488631e-08,1.629188567386919e-08,1.1277341838145105e-08,8.492936509618687e-08,4.704785128373246e-06,0.00015859513136440295,0.0038063674323698393,0.06574063112890072,0.3469405705943752,0.5023620751474591,0.5898674236342717,0.6515670768591174,0.6977225789672872,0.7333632193184604,0.7614646269695083,0.7839527630083196,0.802149436232549,0.8170004797027319,0.8292040409200864,0.8392878684527615,0.8476584468048607,0.8546336006062843,0.8604648990785704,0.8653535008495719,0.8694616291245992,0.8729210570158527,0.8758394649007123,0.8783053529049942,0.8803917645338012,0.8821592458120956,0.8836581250684528,0.8849304230977858,0.8860112807300099,0.8869301856427501,0.8877119042398197,0.8883772951539637,0.8889439616169938,0.889426764976281,0.8898382585636958,0.890189134884087,0.8904884099916358,0.8907436786783042,0.8909615093482759,0.8911474327343036,0.891306152982873,0.891441667691393,0.8915573834810332,0.8916562223006524,0.8917406306713217,0.8918127293120904,0.8918743312582476
beta=1.00,1.6564771054827787e-08,1.0766490143865326e-08,4.507765632988381e-08,3.4921386027342294e-07,2.4066545404988204e-05,0.0009760964541651873,0.026997074441549085,0.28620789677676917,0.4891909902520756,0.5898674236342717,0.658568922874998,0.709026369975016,0.7474866090233895,0.7775043828190784,0.8013208477571698,0.8204456177754389,0.8359439838239868,0.8485938584556494,0.8589782302436195,0.8675428996045611,0.8746342469528865,0.8805248892268982,0.8854316622904193,0.8895285418674863,0.892956146293886,0.8958288358174068,0.8982401052791108,0.9002667482012368,0.901972078092166,0.9034084891442135,0.9046194458483355,0.905641129727299,0.9065037174670674,0.9072324181206322,0.9078483441879462,0.9083691276020472,0.9088096835607684,0.9091825060550884,0.909498099974707,0.9097653224609326,0.9099916450404946,0.9101833705100665,0.9103458139051259,0.910483455236961,0.9106001205919364,0.9106990120097769,0.9107828530671589,0.9108539376475576,0.9109142160049347,0.9109653211814654,0.9110086045866734
beta=1.10,1.6026771909594117e-08,2.049762276579159e-08,5.0404072027276925e-09,1.388187367168392e-06,0.00011360540026628119,0.0054662274525594245,0.14465325561239784,0.44503149697239597,0.5711041338770916,0.6515670768591174,0.709026369975016,0.7520576298819315,0.7852230294515549,0.8112806272134856,0.8320354936584229,0.8487353889206262,0.862277628737164,0.8733268357459706,0.882386538287697,0.889844982211592,0.8960057375446138,0.901108867093542,0.9053459837161214,0.9088711307888432,0.9118090353180571,0.914261192591513,0.9163105507540135,0.9180251657092497,0.919461117702792,0.9206647160818036,0.9216743046471713,0.9225216912419473,0.9232333363745148,0.9238312825449262,0.9243339010624402,0.9247565507944174,0.9251120697952641,0.9254112102554356,0.9256629740152337,0.9258749154175846,0.9260533648095038,0.9262036432158606,0.9263302181810973,0.9264367680727613,0.9265265673759833,0.926602233937897,0.926665960954476,0.9267196457441137,0.9267649084856678,0.9268030423395739,0.9268351800197685
beta=1.20,6.884220915548411e-09,1.4686963145660314e-08,1.523522841218039e-08,5.073296923785442e-06,0.0004999073312810243,0.027708231811034323,0.34308494741293905,0.5297767704539903,0.6295950833813512,0.6977225789672872,0.7474866090233895,0.7852230294515549,0.8145285233864905,0.8376609562555283,0.8561363665978811,0.8710224724305069,0.8830979864709866,0.8929459600789501,0.9010118287298625,0.907641283716348,0.9131059536402925,0.9176214368200244,0.9213602515454038,0.9244613781263198,0.9270374082981306,0.9291799871211592,0.9309640091491257,0.9324508965584898,0.9336911385255123,0.9347264044027905,0.9355911018434311,0.9363137205842698,0.936917889631469,0.9374232317368356,0.937846063639675,0.9381999147057366,0.9384961836831629,0.9387443076068197,0.9389520788355227,0.9391260922198996,0.9392719280420172,0.9393941279977945,0.9394965231180092,0.9395823429835899,0.9396542737443286,0.9397145687577279,0.9397651111035109,0.9398074853300782,0.9398430113188798,0.9398727972329073,0.9398977716324152
beta=1.30,5.50573321933534e-08,1.171886987449966e-08,5.7419196064500966e-08,1.7475405712064074e-05,0.0020646747107032626,0.1158228689535995,0.45377065979423903,0.5891956945042419,0.6738359702448936,0.7333632193184604,0.7775043828190784,0.8112806272134856,0.8376609562555283,0.8585594502121063,0.8752869499587032,0.888779146732562,0.8997267607210723,0.908651381336144,0.9159542290112928,0.9219483622530202,0.9268807665516408,0.9309480926675032,0.9343080279066379,0.9370877847637974,0.9393904977769166,0.9413001282927952,0.9428852689859545,0.9442021244733457,0.9452968663318772,0.9462075074162131,0.9469653879954931,0.9475964498639629,0.9481221044153099,0.9485600998107132,0.9489251650851284,0.9492295210675656,0.949483319099037,0.9496949976437677,0.9498715743034986,0.9500188933774548,0.9501418166652011,0.9502443950271122,0.9503300037037523,0.9504014558414621,0.9504610879778138,0.9505108691903826,0.9505524459776638,0.9505871435801118,0.9506161124313877,0.950640299648453,0.950660495553085
beta=1.40,8.90524581853569e-09,2.416442151931264e-08,1.5408816467221698e-07,5.7422970119902494e-05,0.008025530427138827,0.2828684282260975,0.5218097347610933,0.6342100508744097,0.708315038963385,0.7614646269695083,0.8013208477571698,0.8320354936584229,0.8561363665978811,0.8752869499587032,0.8906434265494563,0.9030420463041318,0.9131051534213761,0.9213065355273509,0.9280127556294395,0.9335111611406414,0.938029276826585,0.9417487223728175,0.9448154147068365,0.9473471935948096,0.9494396943894031,0.9511707701663329,0.952604005251694,0.953791468416636,0.9547758917638344,0.9555924113993944,0.9562699647049934,0.9568324173114741,0.9572994757966211,0.9576874294739461,0.9580097476423713,0.9582776011869054,0.9585002462557745,0.9586853197252632,0.9588391914655621,0.958967137016354,0.9590735357457213,0.9591619950535288,0.9592355878668952,0.9592968002751766,0.9593477179108457,0.9593900742785864,0.9594253104257394,0.959454624437821,0.9594790125148794,0.9594993030764543,0.9595161850870194
beta=1.50,1.2808567650957059e-08,2.1846387365798137e-08,4.177518349024467e-07,0.00018080959085309267,0.029091949773815906,0.39933328136977786,0.5718592972209341,0.6694553457346336,0.7357233242691537,0.7839527630083196,0.8204456177754389,0.8487353889206262,0.8710224724305069,0.888779146732562,0.9030420463041318,0.9145684931247091,0.9239271374501642,0.9315534238966412,0.9377861940589025,0.9428921160451658,0.9470830492221676,0.950528480517685,0.9533648267466549,0.9557024215294094,0.9576308112024913,0.9592229286498547,0.9605383190281794,0.9616257229924531,0.9625251201897074,0.9632693415278308,0.9638853914466212,0.9643955086521908,0.9648180261102325,0.9651680704597767,0.9654581323582042,0.9656985326555412,0.9658978041912326,0.9660630050319182,0.9661999758498225,0.9663135516788256,0.9664077363301861,0.9664858461917538,0.9665506288862952,0.9666043612599108,0.9666489303591905,0.9666858983908925,0.9667165549782444,0.9667419850445305,0.9667630800859561,0.9667805756677642,0.966795093202193
beta=1.60,6.650614586822812e-08,2.285574396410084e-09,1.0266829981731007e-06,0.0005474898230638514,0.09278319220946141,0.46844623585931244,0.6108115162969943,0.6976294121780713,0.7578232456438561,0.802149436232549,0.8359439838239868,0.862277628737164,0.8830979864709866,0.8997267607210723,0.9131051534213761,0.9239271374501642,0.932717537746534,0.9398809600125084,0.9457334744026793,0.9505249207364153,0.9544543373977048,0.9576813252733775,0.9603345599929308,0.9625181809495209,0.964316789327867,0.9657993260535517,0.9670220620248601,0.9680310419878076,0.9688639918092647,0.9695518812075995,0.9701201544372268,0.9705897399314987,0.9709778670589493,0.9712987307474171,0.9715640335702965,0.9717834287798702,0.9719648830242883,0.9721149737622286,0.9722391334516384,0.9723418504441229,0.9724268331889547,0.9724971478605559,0.9725553290817334,0.9726034726482456,0.9726433117331885,0.9726762797991468,0.9727035625589168,0.9727261408998495,0.9727448263452894,0.9727602903514084,0.9727730885133974
beta=1.70,8.112635896395659e-09,5.6674459125716226e-08,2.533034954566027e-06,0.0015985063370762553,0.2162302768792943,0.5180794642703969,0.6419509735761865,0.7204856942480415,0.7758356327348999,0.8170004797027319,0.8485938584556494,0.8733268357459706,0.8929459600789501,0.908651381336144,0.9213065355273509,0.9315534238966412,0.9398809600125084,0.9466680001950862,0.9522121209742127,0.9567491080088139,0.9604674316580872,0.9635185404447819,0.9660246813143355,0.9680849432678093,0.9697798791491834,0.9711750914493832,0.9723241753308806,0.9732709664555586,0.9740513680208837,0.9746948258721149,0.9752255201293839,0.9756633041313181,0.9760245157929343,0.9763226104424729,0.9765686434786517,0.9767717350597422,0.9769393978034835,0.9770778247534118,0.9771921226946261,0.977286503767533,0.9773644400212899,0.9774288045926853,0.9774819610837804,0.9775258627182135,0.9775621218732096,0.9775920717065006,0.9776168073608065,0.9776372383115078,0.9776541139742226,0.9776680532209031,0.9776795671363175
beta=1.80,8.24714996294773e-09,1.7214306091695164e-09,5.9755192235444454e-06,0.004505419393407983,0.3304003269624253,0.5567873788379301,0.6672827917587887,0.7392355296093239,0.7906406127452505,0.8292040409200864,0.8589782302436195,0.882386538287697,0.9010118287298625,0.9159542290112928,0.9280127556294395,0.9377861940589025,0.9457334744026793,0.9522121209742127,0.9575039975745199,0.9618334357551332,0.965379976259482,0.9682882815186141,0.9706752970382797,0.9726358965140945,0.9742472227512803,0.9755722085458302,0.9766622093321203,0.9775592393895924,0.9782977009580297,0.9789057350477426,0.9794065507752479,0.9798191190907806,0.9801590469876781,0.9804391644149644,0.9806700233711354,0.9808603058498656,0.981017157707248,0.9811464622002048,0.9812530643057684,0.9813409548236148,0.9814134215766555,0.9814731736665003,0.9815224436405767,0.9815630715347584,0.9815965740309328,0.9816242013823462,0.9816469842835477,0.9816657724747178,0.9816812665512094,0.9816940441802505,0.9817045817018747
beta=1.90,3.510589913213735e-08,1.2504866586660057e-09,1.3772944085665983e-05,0.012235980317042094,0.4026546492860553,0.5879983037353154,0.6881545150505078,0.7547515149423161,0.8028919048902802,0.8392878684527615,0.8675428996045611,0.889844982211592,0.907641283716348,0.9219483622530202,0.9335111611406414,0.9428921160451658,0.9505249207364153,0.9567491080088139,0.9618334357551332,0.9659922123961879,0.9693981842748991,0.9721897616899835,0.9744796117996465,0.9763590895683096,0.9779025580449561,0.979170636192987,0.9802128449937906,0.9810697019685369,0.9817743590847846,0.982353985278795,0.9828308600035893,0.9832232667460961,0.983546203676284,0.9838119980236543,0.9840307889104634,0.9842109043437616,0.9843591920430043,0.9844812839630789,0.9845818131376243,0.9846645915559029,0.9847327561584156,0.9847888887275789,0.9848351143848589,0.9848731825398591,0.9849045334335385,0.9849303528463925,0.9849516170883936,0.9849691300220453,0.9849835535505963,0.9849954327232577,0.985005216393939
beta=2.00,1.704710722583158e-08,2.5739290532289516e-08,3.101167445374031e-05,0.031703202037325906,0.4525230984009311,0.6136472881190242,0.7055213798364052,0.7676820156752708,0.8130863899055419,0.8476584468048607,0.8746342469528865,0.8960057375446138,0.9131059536402925,0.9268807665516408,0.938029276826585,0.9470830492221676,0.9544543373977048,0.9604674316580872,0.965379976259482,0.9693981842748991,0.9726880012005406,0.9753836496209989,0.977593800936117,0.9794068704309291,0.9808948783240644,0.9821165626185897,0.9831199146653022,0.9839441389474565,0.9846213982229222,0.9851780021665789,0.9856355204791243,0.9860116467717441,0.9863208979502223,0.9865751909641195,0.9867843112199921,0.9869562960674427,0.987097748672438,0.987214095131923,0.9873097952412188,0.9873885153608704,0.9874532685126667,0.9875065339739053,0.9875503520642971,0.9875863986131814,0.9876160522411852,0.9876404472111378,0.9876605166135838,0.9876770279075783,0.9876906122916421,0.9877017889274093,0.987710984860938
beta=2.10,3.5528280317720373e-09,5.047051443440864e-09,6.839578725070794e-05,0.07579662501557527,0.49094386485944297,0.6350068394360225,0.7200858516624711,0.7785204151079463,0.8216086930416212,0.8546336006062843,0.8805248892268982,0.901108867093542,0.9176214368200244,0.9309480926675032,0.9417487223728175,0.950528480517685,0.9576813252733775,0.9635185404447819,0.9682882815186141,0.9721897616899835,0.9753836496209989,0.9779999408174058,0.9801444754258212,0.9819029267543081,0.9833454004506714,0.9845290509289861,0.9855005867570857,0.9862981930734335,0.9869531153099526,0.9874909901665133,0.9879327811577915,0.9882957022355838,0.9885938675989762,0.9888388493631628,0.9890401485976638,0.989205563471441,0.9893414990962328,0.9894532138674271,0.9895450269764816,0.9896204865887893,0.9896825078252866,0.9897334857823707,0.9897753881695306,0.9898098314567453,0.9898381436175786,0.9898614157739304,0.9898805446031843,0.9898962671238969,0.9899091892401091,0.9899198091835875,0.9899285367762349
beta=2.20,1.0034226005650737e-08,1.150485628986786e-08,0.00014788985121705345,0.15428004010972196,0.5220779457929442,0.6529746335556562,0.7323789043761616,0.7876493307859889,0.8287609772984352,0.8604648990785704,0.8854316622904193,0.9053459837161214,0.9213602515454038,0.9343080279066379,0.9448154147068365,0.9533648267466549,0.9603345599929308,0.9660246813143355,0.9706752970382797,0.9744796117996465,0.977593800936117,0.9801444754258212,0.9822345569653093,0.9839479083963505,0.9853528465245457,0.9865051969958879,0.9874505858466217,0.9882263294677138,0.9888629814044879,0.9893855330383765,0.9898144848395274,0.9901666353746149,0.9904557780894344,0.9906931900683368,0.9908881350638851,0.9910482270734777,0.9911796994238904,0.991287672531554,0.9913763494295297,0.991449176065104,0.9915089944552368,0.9915581263530909,0.9915984784257887,0.9916316245751685,0.9916588499979258,0.9916812121631283,0.9916995795944211,0.9917146657230623,0.9917270566783903,0.991737237794533,0.9917455970227679
beta=2.30,4.3894510914910256e-08,1.2059799381347602e-08,0.0003140478192682483,0.2460085432841348,0.5479344546539983,0.6682109815224809,0.7428105748255315,0.7953700624674968,0.8347835244822494,0.8653535008495719,0.8895285418674863,0.9088711307888432,0.9244613781263198,0.9370877847637974,0.9473471935948096,0.9557024215294094,0.9625181809495209,0.9680849432678093,0.9726358965140945,0.9763590895683096,0.9794068704309291,0.9819029267543081,0.9839479083963505,0.9856238556659653,0.9869977318026685,0.9881242480083938,0.9890480787120187,0.9898058247941967,0.9904274242956239,0.990937394310127,0.9913558225208235,0.9916991619379645,0.9919809173288319,0.9922121446843493,0.9924019148667163,0.992557669149704,0.992685504782375,0.9927904354431866,0.9928765612357375,0.992947258080621,0.9930052907524537,0.9930529275746651,0.9930920316113926,0.9931241315313737,0.9931504820066492,0.9931721128786066,0.9931898695013293,0.9932044490680245,0.9932164162681878,0.993226240328793,0.9932343050597989
beta=2.40,1.4106930457113975e-08,2.5522303936931223e-08,0.0006552384527224175,0.31883619420285714,0.569732234409221,0.681216218222123,0.75170302767572,0.8019228853792809,0.8398693560519818,0.8694616291245992,0.892956146293886,0.9118090353180571,0.9270374082981306,0.9393904977769166,0.9494396943894031,0.9576308112024913,0.964316789327867,0.9697798791491834,0.9742472227512803,0.9779025580449561,0.9808948783240644,0.9833454004506714,0.9853528465245457,0.9869977318026685,0.9883458193431514,0.9894509316998054,0.9903569592012654,0.991099841822887,0.991709026498599,0.99220862895697,0.9926183907647956,0.9929544887043378,0.9932301850391699,0.9934563407842564,0.9936418687897456,0.9937940710490422,0.9939189380552674,0.9940213817767796,0.9941054307466337,0.9941743891884024,0.9942309674083474,0.9942773886649836,0.9943154767743683,0.9943467279337723,0.9943723696135193,0.9943934092964478,0.9944106730886901,0.9944248377129498,0.9944364600558434,0.9944459964383295,0.9944538212511462
beta=2.50,3.2101333813372435e-09,5.138715497565727e-08,0.0013441161883120945,0.37049018897664665,0.5883062498097275,0.6923781399513587,0.7593129876547848,0.8075014553714884,0.8441748634713565,0.8729210570158527,0.8958288358174068,0.914261192591513,0.9291799871211592,0.9413001282927952,0.9511707701663329,0.9592229286498547,0.9657993260535517,0.9711750914493832,0.9755722085458302,0.979170636192987,0.9821165626185897,0.9845290509289861,0.9865051969958879,0.9881242480083938,0.9894509316998054,0.990538109284,0.9914294666744593,0.9921600563752121,0.9927589886583357,0.9932500263992297,0.9936526303262244,0.9939827461659219,0.9942534615841695,0.9944754490459323,0.9946574894738576,0.9948067770506372,0.9949292077056949,0.9950296152217047,0.9951119624674125,0.9951794989656769,0.9952348892569275,0.9952803182997577,0.9953175773097708,0.9953481364423126,0.9953732004378656,0.9953937575601638,0.9954106182894628,0.9954244473256084,0.9954357898423913,0.9954450929689898,0.9954527241603763
beta=2.60,6.18992990197853e-09,8.77423360634566e-08,0.0027114472094210695,0.4092879189384777,0.6042653584650054,0.7020027117123374,0.7658474465382091,0.8122632621299954,0.8478276801572782,0.8758394649007123,0.8982401052791108,0.9163105507540135,0.9309640091491257,0.9428852689859545,0.952604005251694,0.9605383190281794,0.9670220620248601,0.9723241753308806,0.9766622093321203,0.9802128449937906,0.9831199146653022,0.9855005867570857,0.9874505858466217,0.9890480787120187,0.9903569592012654,0.9914294666744593,0.9923084043337447,0.993028777791335,0.9936192085909902,0.9941031615690679,0.9944998489567758,0.9948250284373167,0.9950916172268193,0.9953101659446106,0.9954893354500977,0.9956362270184116,0.9957566540006043,0.9958553879550494,0.9959363342774646,0.9960027074079447,0.9960571236959791,0.9961017396689726,0.9961383206219481,0.9961683137807357,0.9961929057832525,0.996213069276513,0.9962296018098424,0.9962431572957603,0.9962542725492879,0.9962633855285096,0.9962708575102512
beta=2.70,2.1772332159386565e-08,1.370239677278562e-07,0.005376787483964307,0.4404039650632665,0.6180701671610581,0.7103349910890552,0.7714749722597747,0.8163373672050772,0.8509326517065057,0.8783053529049942,0.9002667482012368,0.9180251657092497,0.9324508965584898,0.9442021244733457,0.953791468416636,0.9616257229924531,0.9680310419878076,0.9732709664555586,0.9775592393895924,0.9810697019685369,0.9839441389474565,0.9862981930734335,0.9882263294677138,0.9898058247941967,0.991099841822887,0.9921600563752121,0.993028777791335,0.993740646944842,0.9943240133929013,0.994802087014587,0.9951938736859584,0.9955149766049564,0.9957781373407837,0.995993814965979,0.9961706434161806,0.9963155545521742,0.9964343387877301,0.9965316943118515,0.9966114936884761,0.9966769034452553,0.9967305186623571,0.996774466941399,0.9968104910441008,0.9968400199910697,0.9968642249506402,0.9968840658972962,0.996900329631098,0.9969136614165985,0.9969245895080793,0.9969335473476814,0.996940890204071
beta=2.80,2.8602060608839963e-08,2.3587750885845082e-07,0.010465671827403544,0.46634912247175575,0.630078530541067,0.717573720331446,0.7763340273497753,0.8198302500020239,0.8535763230826293,0.8803917645338012,0.901972078092166,0.919461117702792,0.9336911385255123,0.9452968663318772,0.9547758917638344,0.9625251201897074,0.9688639918092647,0.9740513680208837,0.9782977009580297,0.9817743590847846,0.9846213982229222,0.9869531153099526,0.9888629814044879,0.9904274242956239,0.991709026498599,0.9927589886583357,0.9936192085909902,0.9943240133929013,0.9949015047272181,0.9953746803279636,0.9957624131738405,0.9960801174069644,0.9963404636780336,0.9965538222975129,0.9967286612707036,0.996871937202486,0.9969893531792302,0.9970855708666503,0.9971644213684351,0.9972290398639165,0.997281994423267,0.9973253928761698,0.9973609588245413,0.9973901059744025,0.9974139928424566,0.997433568041337,0.9974496116584171,0.9974627597775163,0.9974735350248879,0.9974823656776238,0.9974896027031651
beta=2.90,6.433261645621968e-09,3.882007297839607e-07,0.019925402556426386,0.48845927827880886,0.6405739738674966,0.7238816366936021,0.7805391800157785,0.8228302495322489,0.8558305758233273,0.8821592458120956,0.9034084891442135,0.9206647160818036,0.9347264044027905,0.9462075074162131,0.9555924113993944,0.9632693415278308,0.9695518812075995,0.9746948258721149,0.9789057350477426,0.982353985278795,0.9851780021665789,0.9874909901665133,0.9893855330383765,0.990937394310127,0.99220862895697,0.9932500263992297,0.9941031615690679,0.994802087014587,0.9953746803279636,0.9958438091657786,0.99622815880814,0.9965430474771834,0.9968010608195464,0.9970124687766397,0.9971856827237003,0.9973276045519373,0.9974438927106573,0.9975391691145887,0.9976172352717062,0.9976812003283416,0.9977336045934545,0.9977765501080079,0.9978117386835347,0.9978405670496056,0.9978641942481475,0.9978835536607396,0.9978994194430861,0.9979124165140524,0.9979230660920079,0.9979317921898126,0.9979389422177648
beta=3.00,2.572987156668205e-09,6.221863582123177e-07,0.03682570617377301,0.5075579289628975,0.6497846103354911,0.72939329694898,0.7841858470862655,0.8254110853910884,0.8577552495030357,0.8836581250684528,0.9046194458483355,0.9216743046471713,0.9355911018434311,0.9469653879954931,0.9562699647049934,0.9638853914466212,0.9701201544372268,0.9752255201293839,0.9794065507752479,0.9828308600035893,0.9856355204791243,0.9879327811577915,0.9898144848395274,0.9913558225208235,0.9926183907647956,0.9936526303262244,0.9944998489567758,0.9951938736859584,0.9957624131738405,0.99622815880814,0.9966096958043855,0.9969222448004541,0.9971783336323681,0.9973881208231348,0.9975599849737332,0.9977007825760106,0.9978161305022278,0.9979106291990631,0.9979880396576233,0.9980514663685838,0.9981034290845963,0.998145942185432,0.9981808314306883,0.9982094474659869,0.9982328583128948,0.9982520377825057,0.9982677507191822,0.9982806236827919,0.998291169958077,0.9982998100326217,0.9983068883664848
beta=3.10,5.699815286419607e-09,9.783742521696226e-07,0.06508858065884349,0.5242123235987588,0.6578965330915542,0.7342207938564701,0.787353953639641,0.827634511316399,0.8594004451090688,0.8849304230977858,0.905641129727299,0.9225216912419473,0.9363137205842698,0.9475964498639629,0.9568324173114741,0.9643955086521908,0.9705897399314987,0.9756633041313181,0.9798191190907806,0.9832232667460961,0.9860116467717441,0.9882957022355838,0.9901666353746149,0.9916991619379645,0.9929544887043378,0.9939827461659219,0.9948250284373167,0.9955149766049564,0.9960801174069644,0.9965430474771834,0.9969222448004541,0.9972328430584347,0.9974872898840282,0.9976957227084174,0.9978664742555647,0.9980063471599235,0.9981209730207722,0.9982147550218374,0.9982916437707884,0.9983546277460488,0.9984062749750252,0.9984485376399365,0.9984831576284222,0.9985115170712919,0.9985347481233147,0.9985537813227605,0.9985693697963969,0.9985821393760854,0.9985925998097144,0.9986011615067014,0.9986081807556805
beta=3.20,1.815535560778514e-08,1.5027233375430882e-06,0.10732439252821357,0.5388408151079007,0.6650632348900317,0.7384581333185413,0.7901107853017406,0.8295524563756148,0.8608081692347153,0.8860112807300099,0.9065037174670674,0.9232333363745148,0.936917889631469,0.9481221044153099,0.9572994757966211,0.9648180261102325,0.9709778670589493,0.9760245157929343,0.9801590469876781,0.983546203676284,0.9863208979502223,0.9885938675989762,0.9904557780894344,0.9919809173288319,0.9932301850391699,0.9942534615841695,0.9950916172268193,0.9957781373407837,0.9963404636780336,0.9968010608195464,0.9971783336323681,0.9974872898840282,0.9977404059975972,0.9979477210612322,0.9981175243493557,0.9982566538067763,0.9983705646010762,0.9984638933611831,0.9985403266415597,0.9986029841284442,0.9986542674958274,0.9986962729615535,0.9987306790631825,0.9987588606412738,0.998781943793593,0.9988008508820464,0.9988163373923169,0.9988290221210423,0.9988394118999407,0.9988479218508821,0.9988548864908368
beta=3.30,2.989711833656372e-08,2.4208632928290896e-06,0.1605214902496871,0.5517651729139291,0.6714123737450312,0.7421846179259437,0.7925132218607853,0.831208793523215,0.8620137965476391,0.8869301856427501,0.9072324181206322,0.9238312825449262,0.9374232317368356,0.9485600998107132,0.9576874294739461,0.9651680704597767,0.9712987307474171,0.9763226104424729,0.9804391644149644,0.9838119980236543,0.9865751909641195,0.9888388493631628,0.9906931900683368,0.9922121446843493,0.9934563407842564,0.9944754490459323,0.9953101659446106,0.995993814965979,0.9965538222975129,0.9970124687766397,0.9973881208231348,0.9976957227084174,0.9979477210612322,0.9981541247241541,0.9983231454307079,0.998461610011478,0.9985750024993161,0.998667889550817,0.9987439658930297,0.9988063101535184,0.9988573373038161,0.9988991297526644,0.998933358754703,0.9989613931007921,0.9989843538584682,0.9990031592031342,0.9990185611336316,0.9990311755430221,0.9990415068525644,0.9990499682044677,0.9990568980336221
beta=3.40,8.307807553009638e-09,3.7896943078097323e-06,0.21532897828433395,0.5632397505911617,0.677051159080611,0.7454675214106895,0.7946095763249326,0.8326406645940588,0.8630471770676609,0.8877119042398197,0.9078483441879462,0.9243339010624402,0.937846063639675,0.9489251650851284,0.9580097476423713,0.9654581323582042,0.9715640335702965,0.9765686434786517,0.9806700233711354,0.9840307889104634,0.9867843112199921,0.9890401485976638,0.9908881350638851,0.9924019148667163,0.9936418687897456,0.9946574894738576,0.9954893354500977,0.9961706434161806,0.9967286612707036,0.9971856827237003,0.9975599849737332,0.9978664742555647,0.9981175243493557,0.9983231454307079,0.9984915583538663,0.9986294745266866,0.9987424389297206,0.998834953572994,0.9989107205719276,0.998972805203017,0.9990236199334215,0.9990652358319958,0.9990993180954862,0.9991272304816222,0.9991500898725008,0.9991688109604209,0.9991841428459637,0.9991966990174458,0.999206981920386,0.9992154031096621,0.9992222997727915
beta=3.50,2.104664109658927e-09,5.8429538603022024e-06,0.26340944973869884,0.573469698133265,0.6820702097937594,0.7483641819189872,0.7964409906406916,0.8338795821615894,0.8639335451926119,0.8883772951539637,0.9083691276020472,0.9247565507944174,0.9381999147057366,0.9492295210675656,0.9582776011869054,0.9656985326555412,0.9717834287798702,0.9767717350597422,0.9808603058498656,0.9842109043437616,0.9869562960674427,0.989205563471441,0.9910482270734777,0.992557669149704,0.9937940710490422,0.9948067770506372,0.9956362270184116,0.9963155545521742,0.996871937202486,0.9973276045519373,0.9977007825760106,0.9980063471599235,0.9982566538067763,0.998461610011478,0.9986294745266866,0.9987669622967295,0.998879555742633,0.9989717605189649,0.9990473049141779,0.9991091396511989,0.999159778194998,0.9992012477010008,0.9992352083157485,0.9992630196058857,0.9992857949692336,0.9993044462002322,0.9993197199950704,0.9993322278658788,0.9993424706710065,0.9993508587256216,0.999357733618698
beta=3.60,3.0706736597885254e-09,8.950448540878675e-06,0.30256606070313397,0.5826229538912883,0.6865465815941431,0.750923664615943,0.798042670263803,0.8349524644889124,0.864694329398029,0.8889439616169938,0.9088096835607684,0.9251120697952641,0.9384961836831629,0.949483319099037,0.9585002462557745,0.9658978041912326,0.9719648830242883,0.9769393978034835,0.981017157707248,0.9843591920430043,0.987097748672438,0.9893414990962328,0.9911796994238904,0.992685504782375,0.9939189380552674,0.9949292077056949,0.9957566540006043,0.9964343387877301,0.9969893531792302,0.9974438927106573,0.9978161305022278,0.9981209730207722,0.9983705646010762,0.9985750024993161,0.9987424389297206,0.998879555742633,0.9989918800933142,0.9990838230477488,0.999159117387153,0.9992207762114071,0.9992712686030155,0.9993126166678453,0.9993464763623597,0.9993742037674371,0.9993969093795043,0.9994155025828632,0.999430728090642,0.9994431657085312,0.9994534117588,0.9994617732799902,0.9994686203805273
beta=3.70,6.066274538252259e-09,1.3611052678608182e-05,0.3343037620372181,0.5908388021934393,0.6905461736351869,0.7531881322104644,0.7994447900945283,0.835882240109222,0.8653476416841996,0.889426764976281,0.9091825060550884,0.9254112102554356,0.9387443076068197,0.9496949976437677,0.9586853197252632,0.9660630050319182,0.9721149737622286,0.9770778247534118,0.9811464622002048,0.9844812839630789,0.987214095131923,0.9894532138674271,0.991287672531554,0.9927904354431866,0.9940213817767796,0.9950296152217047,0.9958553879550494,0.9965316943118515,0.9970855708666503,0.9975391691145887,0.9979106291990631,0.9982147550218374,0.9984638933611831,0.998667889550817,0.998834953572994,0.9989717605189649,0.9990838230477488,0.999175556922103,0.999250675719799,0.9993121885607659,0.9993625596305726,0.9994038068672889,0.9994375827409782,0.9994652404224404,0.9994878585320852,0.9995064015843874,0.9995216247394411,0.9995340608387382,0.9995442442293725,0.9995525829341133,0.9995594110687517
beta=3.80,1.799264143231838e-08,2.0656736350654903e-05,0.360644192199677,0.5982339647357995,0.6941257054057677,0.755193940459176,0.8006732542765704,0.836688528242171,0.8659089780820753,0.8898382585636958,0.909498099974707,0.9256629740152337,0.9389520788355227,0.9498715743034986,0.9588391914655621,0.9661999758498225,0.9722391334516384,0.9771921226946261,0.9812530643057684,0.9845818131376243,0.9873097952412188,0.9895450269764816,0.9913763494295297,0.9928765612357375,0.9941054307466337,0.9951119624674125,0.9959363342774646,0.9966114936884761,0.9971644213684351,0.9976172352717062,0.9979880396576233,0.9982916437707884,0.9985403266415597,0.9987439658930297,0.9989107205719276,0.9990473049141779,0.999159117387153,0.999250675719799,0.9993256486036046,0.9993870401717329,0.9994373104452229,0.9994784738684178,0.9995121498582115,0.9995397477442914,0.9995623441885904,0.9995808916255163,0.9995960456845665,0.9996084543505347,0.9996186149416038,0.9996269346867698,0.9996337092069233
